Running test for stream_test_lists
Size: 10000000, Itteration: 9
Copy: 0.1511858600024425, 28044.950764122386 MB/s
Scale: 0.3677057370005059, 11530.95960532747 MB/s
Add: 0.3039201400024467, 13951.033320680444 MB/s
Triad: 0.5462333830000716, 7762.249858682555 MB/s
---------------------------------
